N = 5000
Running mpi_2d with 1 processes...
mpi_2d;1;52.662971
mpi_2d;1;52.676935
mpi_2d;1;52.741753
Running mpi_2d with 2 processes...
mpi_2d;2;32.949742
32.949742
mpi_2d;2;33.169046
33.169048
mpi_2d;2;33.405950
33.405953
Running mpi_2d with 3 processes...
mpi_2d;3;28.952703
28.952705
28.952705
mpi_2d;3;29.694183
29.694185
29.694182
mpi_2d;3;28.415056
28.415065
28.415057
Running mpi_2d with 4 processes...
mpi_2d;4;28.255093
28.255158
28.255146
28.255156
mpi_2d;4;28.051379
28.051384
28.051386
28.051391
mpi_2d;4;28.082463
28.082461
28.082471
28.082476
Running mpi_2d with 5 processes...
mpi_2d;5;28.902380
28.902394
28.902386
28.902385
28.902399
mpi_2d;5;28.840627
28.840635
28.840616
28.840614
28.840623
mpi_2d;5;28.569885
28.569911
28.569906
28.569892
28.569919
Running mpi_2d with 6 processes...
mpi_2d;6;29.357496
29.357491
29.357511
29.357504
29.357517
29.357504
mpi_2d;6;29.456402
29.456397
29.456407
29.456406
29.456412
29.456420
mpi_2d;6;29.412545
29.412531
29.412526
29.412522
29.412531
29.412553
Running mpi_2d with 7 processes...
mpi_2d;7;29.752321
29.752306
29.752290
29.752318
29.752297
29.752279
29.752323
mpi_2d;7;29.185296
29.185307
29.185296
29.185311
29.185288
29.185310
29.185313
mpi_2d;7;29.487745
29.487758
29.487753
29.487779
29.487745
29.487766
29.487776
Running mpi_2d with 8 processes...
mpi_2d;8;29.973353
29.973415
29.973411
29.973425
29.973380
29.973431
29.973445
29.973407
mpi_2d;8;29.872322
29.872346
29.872349
29.872304
29.872293
29.872351
29.872360
29.872303
mpi_2d;8;29.960326
29.960314
29.960322
29.960349
29.960315
29.960349
29.960296
29.960347

N = 2000
Running mpi_2d with 1 processes...
mpi_2d;1;8.722674
mpi_2d;1;8.745949
mpi_2d;1;8.766060
Running mpi_2d with 2 processes...
mpi_2d;2;5.515245
5.515248
mpi_2d;2;5.489142
5.489143
mpi_2d;2;5.460073
5.460075
Running mpi_2d with 3 processes...
mpi_2d;3;4.813862
4.813864
4.813868
mpi_2d;3;4.677782
4.677784
4.677786
mpi_2d;3;4.865364
4.865364
4.865363
Running mpi_2d with 4 processes...
mpi_2d;4;4.703517
4.703482
4.703520
4.703489
mpi_2d;4;4.739012
4.739013
4.739027
4.739031
mpi_2d;4;4.633376
4.633386
4.633383
4.633391
Running mpi_2d with 5 processes...
mpi_2d;5;4.728934
4.728934
4.728930
4.728930
4.728937
mpi_2d;5;4.700905
4.700899
4.700898
4.700892
4.700913
mpi_2d;5;4.682934
4.682929
4.682936
4.682931
4.682943
Running mpi_2d with 6 processes...
mpi_2d;6;4.709132
4.709132
4.709141
4.709131
4.709139
4.709136
mpi_2d;6;4.735456
4.735465
4.735456
4.735455
4.735457
4.735462
mpi_2d;6;4.720504
4.720503
4.720499
4.720499
4.720500
4.720505
Running mpi_2d with 7 processes...
mpi_2d;7;4.779159
4.779153
4.779154
4.779165
4.779154
4.779155
4.779168
mpi_2d;7;4.705595
4.705593
4.705595
4.705597
4.705584
4.705590
4.705593
mpi_2d;7;4.945448
4.945461
4.945444
4.945446
4.945464
4.945473
4.945447
Running mpi_2d with 8 processes...
mpi_2d;8;4.955515
4.955514
4.955516
4.955513
4.955516
4.955515
4.955519
4.955516
mpi_2d;8;5.051878
5.051850
5.051846
5.051880
5.051845
5.051841
5.051873
5.051881
mpi_2d;8;5.135523
5.135538
5.135551
5.135535
5.135519
5.135526
5.135548
5.135513

N = 7000
Running mpi_2d with 1 processes...
mpi_2d;1;104.730367
mpi_2d;1;105.165079
mpi_2d;1;104.623447
Running mpi_2d with 2 processes...
mpi_2d;2;64.773242
64.773242
mpi_2d;2;64.997526
64.997530
mpi_2d;2;65.091521
65.091522
Running mpi_2d with 3 processes...
mpi_2d;3;56.333705
56.333568
56.333609
mpi_2d;3;56.896700
56.896703
56.896704
mpi_2d;3;55.526394
55.526391
55.526404
Running mpi_2d with 4 processes...
mpi_2d;4;55.791810
55.791801
55.791809
55.791807
mpi_2d;4;55.225138
55.225133
55.225142
55.225137
mpi_2d;4;56.355666
56.355658
56.355671
56.355650
Running mpi_2d with 5 processes...
mpi_2d;5;55.297280
55.297266
55.297277
55.297275
55.297289
mpi_2d;5;55.239477
55.239468
55.239469
55.239472
55.239488
mpi_2d;5;55.885077
55.885074
55.885078
55.885077
55.885090
Running mpi_2d with 6 processes...
mpi_2d;6;55.782581
55.782581
55.782577
55.782581
55.782584
55.782592
mpi_2d;6;58.908650
58.908653
58.908642
58.908651
58.908637
58.908658
mpi_2d;6;56.894350
56.894361
56.894332
56.894350
56.894350
56.894357
Running mpi_2d with 7 processes...
mpi_2d;7;56.638673
56.638646
56.638660
56.638679
56.638669
56.638655
56.638700
mpi_2d;7;56.921267
56.921263
56.921248
56.921267
56.921265
56.921264
56.921255
mpi_2d;7;56.908148
56.908148
56.908137
56.908151
56.908144
56.908156
56.908163
Running mpi_2d with 8 processes...
mpi_2d;8;58.143378
58.143365
58.143393
58.143341
58.143407
58.143384
58.143398
58.143412
mpi_2d;8;58.275942
58.275945
58.275958
58.275936
58.275937
58.275956
58.275953
58.275905
mpi_2d;8;58.514072
58.514122
58.514133
58.514134
58.514127
58.514124
58.514139
58.514138
